# Data name
 No070_FCO_TiSi2
# Material number
 1
# Lattice type
 face_centered_orthorhombic
# Lattice constant
 8.267100  4.800000  8.550500 0.0 0.0 0.0 
# Sphere number
 6
# Sphere centers
 0.125000  0.125000  0.125000  0.875000  0.875000  0.875000 
 0.788500  0.461500  0.461500  0.461500  0.788500  0.788500 
 0.211500  0.538500  0.538500  0.538500  0.211500  0.211500 

# Sphere radius
 0.100000  0.100000  0.100000  0.100000  0.100000  0.100000 

# Cylinder number
 60
# Cylinder top centers
 0.461500  0.788500  0.788500  0.461500  0.788500  0.788500 
 0.788500  0.461500  0.461500  0.538500  0.211500  0.211500 
 0.461500  0.788500  0.788500 -0.211500  0.461500  0.461500 
 1.211500  0.538500  0.538500  0.461500 -0.211500 -0.211500 
 0.211500  0.538500  0.538500  0.788500  0.461500  0.461500 
 0.211500  0.538500  0.538500  0.538500  1.211500  1.211500 
 0.788500  0.461500  0.461500  0.788500  0.461500  0.461500 
 0.538500  0.211500  0.211500  0.211500  0.538500  0.538500 
 0.538500  0.211500  0.211500  0.461500  0.788500  0.788500 
 0.211500  0.538500  0.538500  0.538500  0.211500  0.211500 
 1.125000  1.125000  0.125000  1.125000  0.125000  0.125000 
 0.461500  0.788500  0.788500  0.788500  0.461500  0.461500 
 0.125000  0.125000  1.125000  1.125000  1.125000  0.125000 
-0.211500  0.461500  1.461500  1.461500  0.788500 -0.211500 
 0.125000  0.125000  0.125000  0.875000  0.875000  0.875000 
-0.125000  0.875000  0.875000  0.125000  1.125000  1.125000 
 0.461500 -0.211500  0.788500  0.538500  1.211500  0.211500 
 1.211500  0.538500 -0.461500 -0.461500  0.211500  1.211500 
 0.211500  0.538500  0.538500  0.538500  0.211500  0.211500 
 1.211500 -0.461500 -0.461500 -0.125000 -0.125000  0.875000 
 0.125000  1.125000  0.125000  0.461500  0.788500 -0.211500 
 0.538500  0.211500  1.211500  0.875000  0.875000 -0.125000 
 0.125000  0.125000  1.125000  0.125000  0.125000  1.125000 
 0.875000 -0.125000  0.875000 -0.125000 -0.125000  0.875000 
 0.461500 -0.211500  0.788500  0.788500  0.461500  0.461500 
 1.125000  0.125000  0.125000 -0.125000  0.875000  0.875000 
 0.211500  0.538500  0.538500  0.788500  0.461500  0.461500 
-0.211500  0.461500  0.461500  0.211500  0.538500  0.538500 
 0.875000  0.875000 -0.125000  0.875000  0.875000 -0.125000 
 0.538500  1.211500  0.211500  0.211500 -0.461500  0.538500 

# Cylinder bot centers
 0.125000  0.125000  1.125000  1.125000  1.125000  0.125000 
 1.125000  1.125000  0.125000  0.125000  0.125000  0.125000 
 0.875000  0.875000  0.875000  0.125000  0.125000  0.125000 
 0.875000  0.875000  0.875000  0.125000  0.125000  0.125000 
 0.125000  1.125000  0.125000  0.875000  0.875000 -0.125000 
 0.125000  0.125000  1.125000  0.875000  0.875000  0.875000 
 0.125000  0.125000  1.125000  0.875000 -0.125000  0.875000 
-0.125000 -0.125000  0.875000 -0.125000 -0.125000  0.875000 
 1.125000  0.125000  0.125000 -0.125000  0.875000  0.875000 
 0.875000  0.875000 -0.125000  0.875000  0.875000 -0.125000 
 0.788500  0.461500  0.461500  0.788500  0.461500  0.461500 
 0.788500  0.461500  0.461500  0.461500  0.788500  0.788500 
 0.461500  0.788500  0.788500  0.461500  0.788500  0.788500 
 0.461500  0.788500  0.788500  0.788500  0.461500  0.461500 
 0.538500  0.211500  0.211500  0.461500  0.788500  0.788500 
 0.211500  0.538500  0.538500  0.461500  0.788500  0.788500 
 0.538500  0.211500  0.211500  0.461500  0.788500  0.788500 
 0.538500  0.211500  0.211500  0.211500  0.538500  0.538500 
 0.538500  0.211500  0.211500  0.211500  0.538500  0.538500 
 0.538500  0.211500  0.211500  0.538500  0.211500  0.211500 
 0.211500  0.538500  0.538500  0.538500  0.211500  0.211500 
 0.461500  0.788500  0.788500  0.788500  0.461500  0.461500 
 0.211500  0.538500  0.538500  0.788500  0.461500  0.461500 
 0.788500  0.461500  0.461500  0.211500  0.538500  0.538500 
 0.788500  0.461500  0.461500  0.461500 -0.211500  0.788500 
 0.538500  0.211500  0.211500  0.461500  0.788500  0.788500 
 0.788500  0.461500  0.461500  0.211500  0.538500  0.538500 
 0.211500  0.538500  0.538500 -0.211500  0.461500  0.461500 
 0.211500  0.538500  0.538500  0.538500  0.211500  0.211500 
 0.211500  0.538500  0.538500  0.538500  0.211500  0.211500 

# Cylinder radius
 0.100000  0.100000  0.100000  0.100000  0.100000  0.100000 
 0.100000  0.100000  0.100000  0.100000  0.100000  0.100000 
 0.100000  0.100000  0.100000  0.100000  0.100000  0.100000 
 0.100000  0.100000  0.100000  0.100000  0.100000  0.100000 
 0.100000  0.100000  0.100000  0.100000  0.100000  0.100000 
 0.100000  0.100000  0.100000  0.100000  0.100000  0.100000 
 0.100000  0.100000  0.100000  0.100000  0.100000  0.100000 
 0.100000  0.100000  0.100000  0.100000  0.100000  0.100000 
 0.100000  0.100000  0.100000  0.100000  0.100000  0.100000 
 0.100000  0.100000  0.100000  0.100000  0.100000  0.100000 

