# Data name
 No129_Primitive_Tetragonal_AsCuSiZr
# Material number
 1
# Lattice type
 primitive_tetragonal
# Lattice constant
 3.673600 0.0  9.571200 0.0 0.0 0.0 
# Sphere number
 8
# Sphere centers
 0.750000  0.250000  0.000000  0.250000  0.750000  0.000000 
 0.750000  0.250000  0.500000  0.250000  0.750000  0.500000 
 0.250000  0.250000  0.679300  0.750000  0.750000  0.320700 
 0.250000  0.250000  0.224600  0.750000  0.750000  0.775400 

# Sphere radius
 0.100000  0.100000  0.100000  0.100000  0.100000  0.100000 
 0.100000  0.100000 

# Cylinder number
 12
# Cylinder top centers
 0.250000  0.750000  0.000000  0.250000  0.250000  0.224600 
 0.250000  0.250000  0.224600  0.250000  0.250000  0.224600 
 0.750000  0.250000  0.500000  0.250000  0.750000  0.500000 
 0.750000  0.250000  0.500000  0.250000  0.750000  0.500000 
 0.750000  0.750000  0.775400  0.250000  0.750000  1.000000 
 0.750000  0.250000  1.000000  0.750000  0.250000  1.000000 

# Cylinder bot centers
 0.750000  0.250000  0.000000  0.750000  0.250000  0.000000 
 0.250000  0.750000  0.000000  0.750000  0.750000  0.320700 
 0.750000  0.750000  0.320700  0.750000  0.750000  0.320700 
 0.250000  0.250000  0.679300  0.250000  0.250000  0.679300 
 0.250000  0.250000  0.679300  0.750000  0.750000  0.775400 
 0.750000  0.750000  0.775400  0.250000  0.750000  1.000000 

# Cylinder radius
 0.100000  0.100000  0.100000  0.100000  0.100000  0.100000 
 0.100000  0.100000  0.100000  0.100000  0.100000  0.100000 

