# Data name
 No191_Hexagonal_AlB2
# Material number
 1
# Lattice type
 hexagonal
# Lattice constant
 3.005000 0.0  3.253700 0.0 0.0 0.0 
# Sphere number
 3
# Sphere centers
 0.000000  0.000000  0.000000  0.333333  0.666667  0.500000 
 0.666667  0.333333  0.500000 

# Sphere radius
 0.100000  0.100000  0.100000 

# Cylinder number
 13
# Cylinder top centers
 0.666667  0.333333  0.500000  0.000000  0.000000  0.000000 
 0.000000  1.000000  0.000000  0.000000  0.000000  1.000000 
 0.000000  1.000000  1.000000  1.000000  1.000000  0.000000 
 1.000000  1.000000  1.000000  0.000000  0.000000  0.000000 
 1.000000  0.000000  0.000000  0.000000  0.000000  1.000000 
 1.000000  1.000000  0.000000  1.000000  0.000000  1.000000 
 1.000000  1.000000  1.000000 

# Cylinder bot centers
 0.333333  0.666667  0.500000  0.333333  0.666667  0.500000 
 0.333333  0.666667  0.500000  0.333333  0.666667  0.500000 
 0.333333  0.666667  0.500000  0.333333  0.666667  0.500000 
 0.333333  0.666667  0.500000  0.666667  0.333333  0.500000 
 0.666667  0.333333  0.500000  0.666667  0.333333  0.500000 
 0.666667  0.333333  0.500000  0.666667  0.333333  0.500000 
 0.666667  0.333333  0.500000 

# Cylinder radius
 0.100000  0.100000  0.100000  0.100000  0.100000  0.100000 
 0.100000  0.100000  0.100000  0.100000  0.100000  0.100000 
 0.100000 

